  0.010   49.828   49.499   49.164   48.826
  0.020   49.613   49.194   48.758   48.306
  0.030   49.255   48.689   48.085   47.444
  0.040   48.756   47.985   47.147   46.247
  0.050   48.116   47.085   45.951   44.726
  0.060   47.338   45.993   44.505   42.893
  0.070   46.424   44.714   42.818   40.764
  0.080   45.376   43.253   40.900   38.358
  0.090   44.199   41.617   38.764   35.698
  0.100   42.894   39.814   36.425   32.810
  0.110   41.467   37.852   33.898   29.725
  0.120   39.920   35.739   31.202   26.479
  0.130   38.260   33.487   28.359   23.119
  0.140   36.490   31.105   25.393   19.701
  0.150   34.616   28.608   22.336   16.307
  0.160   32.644   26.008   19.224   13.047
  0.170   30.580   23.321   16.111   10.075
  0.180   28.430   20.567   13.071    7.568
  0.190   26.201   17.770   10.212    5.646
  0.200   23.900   14.961    7.686    4.289
  0.210   21.536   12.187    5.649    3.367
  0.220   19.116    9.523    4.168    2.739
  0.230   16.651    7.088    3.165    2.299
  0.240   14.153    5.050    2.497    1.983
  0.250   11.639    3.545    2.043    1.749
  0.260    9.133    2.554    1.725    1.571
  0.270    6.686    1.929    1.493    1.433
  0.280    4.407    1.527    1.320    1.325
  0.290    2.554    1.257    1.186    1.240
  0.300    1.425    1.067    1.082    1.172
  0.310    0.886    0.928    0.999    1.119
  0.320    0.622    0.823    0.932    1.077
  0.330    0.475    0.741    0.878    1.046
  0.340    0.383    0.676    0.834    1.023
  0.350    0.321    0.624    0.798    1.008
  0.360    0.277    0.581    0.769    1.001
  0.370    0.244    0.545    0.746    1.001
  0.380    0.218    0.516    0.728    1.008
  0.390    0.198    0.492    0.715    1.022
  0.400    0.182    0.471    0.706    1.044
  0.410    0.168    0.454    0.701    1.075
  0.420    0.157    0.440    0.700    1.116
  0.430    0.148    0.428    0.703    1.169
  0.440    0.140    0.419    0.710    1.235
  0.450    0.133    0.412    0.721    1.319
  0.460    0.127    0.406    0.736    1.426
  0.470    0.122    0.402    0.757    1.561
  0.480    0.118    0.400    0.782    1.737
  0.490    0.114    0.400    0.815    1.967
  0.500    0.111    0.401    0.855    2.277
  0.510    0.109    0.404    0.904    2.708
  0.520    0.106    0.409    0.964    3.322
  0.530    0.104    0.416    1.038    4.223
  0.540    0.103    0.424    1.131    5.550
  0.550    0.102    0.435    1.249    7.435
  0.560    0.101    0.448    1.401    9.909
  0.570    0.100    0.464    1.601   12.858
  0.580    0.100    0.483    1.871   16.105
  0.590    0.100    0.505    2.250   19.495
  0.600    0.100    0.533    2.799   22.914
  0.610    0.101    0.565    3.618   26.280
  0.620    0.102    0.605    4.845   29.534
  0.630    0.103    0.653    6.604   32.630
  0.640    0.105    0.712    8.903   35.530
  0.650    0.107    0.786   11.617   38.205
  0.660    0.109    0.881   14.584   40.626
  0.670    0.112    1.005   17.672   42.773
  0.680    0.115    1.171   20.792   44.624
  0.690    0.118    1.403   23.882   46.165
  0.700    0.123    1.742   26.897   47.381
  0.710    0.128    2.260   29.804   48.264
  0.720    0.134    3.080   32.576   48.805
  0.730    0.141    4.360   35.190   48.999
  0.740    0.149    6.187   37.625   48.846
  0.750    0.158    8.479   39.864   48.347
  0.760    0.170   11.066   41.892   47.506
  0.770    0.183   13.805   43.695   46.329
  0.780    0.200   16.607   45.263   44.827
  0.790    0.221   19.413   46.584   43.012
  0.800    0.247   22.189   47.651   40.900
  0.810    0.281   24.906   48.456   38.511
  0.820    0.327   27.543   48.996   35.866
  0.830    0.391   30.085   49.266   32.990
  0.840    0.487   32.516   49.266   29.916
  0.850    0.642   34.824   48.994   26.679
  0.860    0.925   36.995   48.453   23.324
  0.870    1.509   39.021   47.646   19.908
  0.880    2.715   40.891   46.578   16.509
  0.890    4.629   42.597   45.256   13.237
  0.900    6.934   44.131   43.687   10.243
  0.910    9.391   45.486   41.882    7.704
  0.920   11.899   46.656   39.853    5.745
  0.930   14.413   47.636   37.613    4.357
  0.940   16.908   48.422   35.177    3.413
  0.950   19.369   49.010   32.563    2.770
  0.960   21.783   49.397   29.790    2.322
  0.970   24.142   49.583   26.882    2.000
  0.980   26.435   49.565   23.866    1.761
  0.990   28.656   49.345   20.776    1.580
  1.000   30.798   48.923   17.656    1.440
  1.010   32.853   48.300   14.568    1.331
  1.020   34.815   47.481   11.603    1.244
  1.030   36.678   46.468    8.890    1.176
  1.040   38.437   45.265    6.594    1.122
  1.050   40.086   43.879    4.837    1.080
  1.060   41.620   42.315    3.613    1.048
  1.070   43.035   40.580    2.796    1.024
  1.080   44.327   38.682    2.248    1.009
  1.090   45.491   36.631    1.870    1.001
  1.100   46.525   34.435    1.600    1.001
  1.110   47.425   32.105    1.400    1.007
  1.120   48.189   29.654    1.249    1.021
  1.130   48.814   27.095    1.131    1.043
  1.140   49.299   24.442    1.038    1.073
  1.150   49.642   21.713    0.963    1.113
  1.160   49.842   18.930    0.903    1.165
  1.170   49.899   16.121    0.854    1.231
  1.180   49.813   13.326    0.815    1.314
  1.190   49.583   10.605    0.782    1.419
  1.200   49.210    8.058    0.756    1.552
  1.210   48.696    5.834    0.736    1.725
  1.220   48.042    4.100    0.721    1.951
  1.230   47.250    2.910    0.710    2.256
  1.240   46.322    2.153    0.703    2.677
  1.250   45.261    1.673    0.700    3.278
  1.260   44.069    1.357    0.701    4.158
  1.270   42.752    1.138    0.706    5.455
  1.280   41.312    0.981    0.715    7.305
  1.290   39.753    0.863    0.728    9.745
  1.300   38.081    0.772    0.746   12.670
  1.310   36.301    0.701    0.769   15.904
  1.320   34.416    0.644    0.798   19.289
  1.330   32.435    0.597    0.834   22.708
  1.340   30.361    0.559    0.878   26.079
  1.350   28.203    0.528    0.932   29.341
  1.360   25.966    0.501    0.999   32.448
  1.370   23.658    0.479    1.082   35.362
  1.380   21.288    0.461    1.187   38.051
  1.390   18.863    0.445    1.321   40.488
  1.400   16.394    0.433    1.494   42.651
  1.410   13.893    0.422    1.726   44.521
  1.420   11.378    0.414    2.045   46.081
  1.430    8.876    0.408    2.499   47.317
  1.440    6.439    0.404    3.169   48.220
  1.450    4.189    0.401    4.174   48.782
  1.460    2.401    0.400    5.658   48.997
  1.470    1.348    0.401    7.697   48.866
  1.480    0.850    0.403   10.225   48.387
  1.490    0.603    0.407   13.086   47.566
  1.500    0.463    0.413   16.127   46.409
  1.510    0.376    0.420   19.240   44.926
  1.520    0.316    0.430   22.351   43.130
  1.530    0.273    0.442   25.408   41.036
  1.540    0.241    0.457   28.373   38.662
  1.550    0.216    0.474   31.216   36.032
  1.560    0.196    0.496   33.911   33.170
  1.570    0.180    0.521   36.437   30.107
  1.580    0.167    0.551   38.775   26.878
  1.590    0.156    0.588   40.910   23.528
  1.600    0.147    0.632   42.827   20.114
  1.610    0.139    0.686   44.513   16.711
  1.620    0.132    0.754   45.958   13.428
  1.630    0.127    0.839   47.152   10.412
  1.640    0.122    0.949   48.089    7.841
  1.650    0.118    1.096   48.761    5.846
  1.660    0.114    1.297   49.166    4.427
  1.670    0.111    1.585   49.300    3.460
  1.680    0.108    2.017   49.163    2.803
  1.690    0.106    2.694   48.756    2.345
  1.700    0.104    3.765   48.080    2.016
  1.710    0.103    5.366   47.142    1.774
  1.720    0.102    7.485   45.945    1.590
  1.730    0.101    9.970   44.497    1.448
  1.740    0.100   12.660   42.809    1.337
  1.750    0.100   15.444   40.890    1.249
  1.760    0.100   18.254   38.753    1.180
  1.770    0.100   21.046   36.412    1.125
  1.780    0.101   23.790   33.884    1.082
  1.790    0.102   26.463   31.188    1.049
  1.800    0.103   29.046   28.344    1.025
  1.810    0.105   31.525   25.378    1.010
  1.820    0.107   33.885   22.320    1.002
  1.830    0.109   36.114   19.209    1.000
  1.840    0.112   38.201   16.096    1.006
  1.850    0.115   40.137   13.056    1.020
  1.860    0.119   41.912   10.198    1.041
  1.870    0.123   43.518    7.674    1.071
  1.880    0.128   44.947    5.640    1.111
  1.890    0.134   46.195    4.162    1.162
  1.900    0.141   47.254    3.160    1.226
  1.910    0.150   48.121    2.494    1.308
  1.920    0.159   48.791    2.041    1.412
  1.930    0.171   49.261    1.723    1.543
  1.940    0.185   49.531    1.492    1.713
  1.950    0.202   49.597    1.319    1.936
  1.960    0.223   49.460    1.186    2.235
  1.970    0.250   49.122    1.082    2.647
  1.980    0.285   48.582    0.998    3.235
  1.990    0.332   47.844    0.932    4.095
  2.000    0.399   46.910    0.877    5.362
  2.010    0.499   45.785    0.833    7.176
  2.020    0.664   44.474    0.797    9.583
  2.030    0.967   42.983    0.769   12.483
  2.040    1.599   41.318    0.746   15.703
  2.050    2.884   39.487    0.728   19.083
  2.060    4.855   37.498    0.715   22.503
  2.070    7.184   35.360    0.706   25.879
  2.080    9.650   33.085    0.701   29.149
  2.090   12.160   30.682    0.700   32.266
  2.100   14.672   28.166    0.703   35.192
  2.110   17.165   25.550    0.710   37.895
  2.120   19.621   22.850    0.721   40.349
  2.130   22.030   20.087    0.736   42.529
  2.140   24.382   17.285    0.757   44.417
  2.150   26.669   14.478    0.783   45.996
  2.160   28.882   11.717    0.815   47.252
  2.170   31.015    9.082    0.855   48.175
  2.180   33.060    6.703    0.904   48.758
  2.190   35.012    4.750    0.964   48.994
  2.200   36.865    3.341    1.039   48.883
  2.210   38.613    2.424    1.132   48.426
  2.220   40.250    1.847    1.250   47.625
  2.230   41.772    1.473    1.402   46.488
  2.240   43.174    1.220    1.602   45.025
  2.250   44.453    1.040    1.873   43.247
  2.260   45.604    0.908    2.252   41.170
  2.270   46.624    0.807    2.802   38.813
  2.280   47.510    0.729    3.623   36.197
  2.290   48.260    0.666    4.852   33.348
  2.300   48.871    0.616    6.614   30.296
  2.310   49.341    0.574    8.916   27.077
  2.320   49.669    0.540   11.631   23.733
  2.330   49.855    0.512   14.599   20.320
  2.340   49.897    0.488   17.688   16.915
  2.350   49.795    0.468   20.807   13.620
  2.360   49.551    0.451   23.897   10.583
  2.370   49.163    0.438   26.912    7.980
  2.380   48.635    0.426   29.819    5.950
  2.390   47.966    0.417   32.590    4.498
  2.400   47.160    0.410   35.203    3.508
  2.410   46.218    0.405   37.637    2.836
  2.420   45.143    0.402   39.875    2.368
  2.430   43.939    0.400   41.902    2.033
  2.440   42.608    0.400   43.704    1.786
  2.450   41.156    0.402   45.270    1.599
  2.460   39.586    0.405   46.590    1.455
  2.470   37.902    0.410   47.655    1.343
  2.480   36.110    0.417   48.460    1.254
  2.490   34.216    0.426   48.998    1.183
  2.500   32.224    0.437   49.267    1.128
  2.510   30.142    0.450   49.265    1.084
  2.520   27.975    0.467   48.992    1.051
  2.530   25.730    0.486   48.450    1.027
  2.540   23.416    0.510   47.641    1.010
  2.550   21.039    0.538   46.572    1.002
  2.560   18.609    0.572   45.248    1.000
  2.570   16.136    0.612   43.678    1.006
  2.580   13.633    0.662   41.873    1.019
  2.590   11.118    0.724   39.842    1.040
  2.600    8.619    0.801   37.601    1.069
  2.610    6.194    0.900   35.164    1.108
  2.620    3.976    1.030   32.549    1.158
  2.630    2.257    1.205   29.776    1.222
  2.640    1.277    1.452   26.867    1.303
  2.650    0.816    1.816   23.851    1.405
  2.660    0.585    2.376   20.760    1.534
  2.670    0.452    3.264   17.641    1.701
  2.680    0.368    4.636   14.553    1.920
  2.690    0.311    6.554   11.588    2.214
  2.700    0.269    8.909    8.877    2.618
  2.710    0.238   11.531    6.583    3.193
  2.720    0.214   14.286    4.830    4.033
  2.730    0.195   17.092    3.608    5.271
  2.740    0.179   19.895    2.792    7.049
  2.750    0.166   22.662    2.246    9.422
  2.760    0.155   25.367    1.868   12.297
  2.770    0.146   27.989    1.599   15.503
  2.780    0.138   30.513    1.399   18.877
  2.790    0.132   32.924    1.248   22.297
  2.800    0.126   35.208    1.130   25.677
  2.810    0.121   37.355    1.038   28.956
  2.820    0.117   39.355    0.963   32.083
  2.830    0.114   41.197    0.903   35.022
  2.840    0.111   42.874    0.854   37.739
  2.850    0.108   44.378    0.814   40.208
  2.860    0.106   45.701    0.782   42.406
  2.870    0.104   46.839    0.756   44.312
  2.880    0.103   47.786    0.736   45.910
  2.890    0.102   48.538    0.721   47.186
  2.900    0.101   49.091    0.710   48.129
  2.910    0.100   49.444    0.703   48.732
  2.920    0.100   49.594    0.700   48.990
  2.930    0.100   49.542    0.701   48.900
  2.940    0.100   49.286    0.706   48.463
  2.950    0.101   48.829    0.715   47.683
  2.960    0.102   48.173    0.728   46.566
  2.970    0.103   47.320    0.746   45.122
  2.980    0.105   46.274    0.769   43.363
  2.990    0.107   45.039    0.798   41.303
  3.000    0.109   43.621    0.834   38.963
  3.010    0.112   42.027    0.878   36.362
  3.020    0.115   40.264    0.933   33.526
  3.030    0.119   38.339    1.000   30.485
  3.040    0.124   36.262    1.083   27.275
  3.050    0.129   34.042    1.188   23.937
  3.060    0.135   31.691    1.321   20.527
  3.070    0.142   29.220    1.495   17.118
  3.080    0.151   26.643    1.727   13.813
  3.090    0.161   23.976    2.047   10.756
  3.100    0.172   21.236    2.502    8.122
  3.110    0.187   18.447    3.173    6.055
  3.120    0.204   15.637    4.180    4.571
  3.130    0.226   12.849    5.667    3.558
  3.140    0.253   10.150    7.709    2.870
  3.150    0.289    7.646   10.239    2.392
  3.160    0.338    5.496   13.100    2.051
  3.170    0.407    3.857   16.142    1.799
  3.180    0.513    2.753   19.256    1.609
  3.190    0.687    2.054   22.367    1.463
  3.200    1.012    1.609   25.424    1.349
  3.210    1.696    1.313   28.388    1.259
  3.220    3.061    1.107   31.230    1.187
  3.230    5.085    0.958   33.924    1.131
  3.240    7.435    0.846   36.449    1.086
  3.250    9.908    0.759   38.787    1.053
  3.260   12.420    0.690   40.921    1.028
  3.270   14.932    0.635   42.836    1.011
  3.280   17.421    0.590   44.521    1.002
  3.290   19.873    0.553   45.965    1.000
  3.300   22.276    0.523   47.158    1.005
  3.310   24.622    0.497   48.093    1.018
  3.320   26.901    0.476   48.764    1.038
  3.330   29.107    0.458   49.167    1.067
  3.340   31.231    0.443   49.300    1.105
  3.350   33.267    0.431   49.162    1.155
  3.360   35.209    0.421   48.753    1.218
  3.370   37.051    0.413   48.076    1.297
  3.380   38.787    0.407   47.136    1.398
  3.390   40.413    0.403   45.938    1.525
  3.400   41.923    0.401   44.490    1.690
  3.410   43.313    0.400   42.800    1.905
  3.420   44.578    0.401   40.880    2.193
  3.430   45.716    0.403   38.742    2.590
  3.440   46.722    0.408   36.400    3.152
  3.450   47.594    0.414   33.871    3.972
  3.460   48.330    0.422   31.174    5.182
  3.470   48.926    0.432   28.329    6.925
  3.480   49.382    0.444   25.363    9.263
  3.490   49.695    0.460   22.304   12.113
  3.500   49.866    0.478   19.193   15.304
  3.510   49.893    0.500   16.080   18.671
  3.520   49.777    0.526   13.041   22.091
  3.530   49.517    0.557   10.184   25.476
  3.540   49.115    0.595    7.662   28.762
  3.550   48.572    0.640    5.632   31.900
  3.560   47.889    0.697    4.156   34.850
  3.570   47.069    0.767    3.156   37.582
  3.580   46.113    0.856    2.491   40.067
  3.590   45.024    0.971    2.039   42.281
  3.600   43.807    1.126    1.722   44.205
  3.610   42.464    1.339    1.491   45.822
  3.620   40.999    1.647    1.318   47.118
  3.630   39.416    2.113    1.185   48.082
  3.640   37.721    2.846    1.081   48.706
  3.650   35.919    4.002    0.998   48.984
  3.660   34.014    5.698    0.931   48.915
  3.670   32.013    7.893    0.877   48.499
  3.680   29.921   10.424    0.833   47.740
  3.690   27.746   13.136    0.797   46.643
  3.700   25.494   15.929    0.768   45.218
  3.710   23.172   18.738    0.746   43.477
  3.720   20.790   21.524    0.728   41.436
  3.730   18.355   24.257    0.715   39.111
  3.740   15.878   26.915    0.706   36.526
  3.750   13.373   29.482    0.701   33.703
  3.760   10.858   31.941    0.700   30.674
  3.770    8.364   34.279    0.703   27.472
  3.780    5.951   36.484    0.710   24.141
  3.790    3.768   38.546    0.721   20.733
  3.800    2.121   40.455    0.736   17.322
  3.810    1.212   42.201    0.757   14.007
  3.820    0.785   43.777    0.783   10.930
  3.830    0.568   45.176    0.815    8.266
  3.840    0.442   46.391    0.855    6.162
  3.850    0.361   47.417    0.904    4.646
  3.860    0.306   48.250    0.964    3.608
  3.870    0.266   48.886    1.039    2.904
  3.880    0.235   49.322    1.133    2.416
  3.890    0.212   49.556    1.251    2.068
  3.900    0.193   49.588    1.403    1.812
  3.910    0.177   49.416    1.603    1.619
  3.920    0.165   49.043    1.875    1.471
  3.930    0.154   48.469    2.255    1.355
  3.940    0.145   47.696    2.806    1.263
  3.950    0.138   46.729    3.628    1.191
  3.960    0.131   45.572    4.860    1.134
  3.970    0.126   44.230    6.624    1.089
  3.980    0.121   42.708    8.928    1.054
  3.990    0.117   41.013   11.646    1.029
  4.000    0.113   39.154   14.614    1.012
